[img.jpg]
filters=finetune2=1,0.000000,0.050526,0.140351,00000000,0.649123;sat=1,0.368421;PicnikGrain=1,10.000000,0;sat=1,-0.087719;
moddate=471fb88b61e4d301
width=1409
height=939
textactive=0
